0.9521604180335999 0.021925698965787888 -0.1470385044813156 0.007458920124918222 0.48170173168182373 0.18264822661876678 -0.09841267019510269
0.9440195560455322 0.0021140349563211203 -0.1691644936800003 -0.004483104217797518 0.5737743377685547 0.11463870853185654 -0.11695130914449692
0.947997510433197 0.013991380110383034 -0.16874714195728302 -0.005324654281139374 0.5083046555519104 0.18629637360572815 -0.10003004968166351
0.9581349492073059 0.018953165039420128 -0.17861579358577728 -0.04545745253562927 0.46441513299942017 0.23038822412490845 -0.18012557923793793
0.9575186967849731 0.01971236988902092 -0.20016829669475555 -0.035003092139959335 0.5168226957321167 0.24939553439617157 -0.1525404304265976
0.9485480785369873 0.0209534652531147 -0.1834038496017456 -0.0002263321657665074 0.496926873922348 0.2421138733625412 -0.13097602128982544
0.9526334404945374 0.028945554047822952 -0.15851613879203796 0.014535346068441868 0.4635811150074005 0.23729759454727173 -0.12984703481197357
0.9449564814567566 0.00981363095343113 -0.19256296753883362 -0.006650230381637812 0.5812279582023621 0.17789806425571442 -0.14042140543460846
0.9592702388763428 0.024466775357723236 -0.17284448444843292 -0.032995760440826416 0.43205082416534424 0.2689204812049866 -0.20380277931690216
0.9612255692481995 0.0315854512155056 -0.1529826670885086 -0.023399941623210907 0.3617067337036133 0.29209035634994507 -0.16395814716815948
0.9506877064704895 0.025649843737483025 -0.14244139194488525 0.007417964283376932 0.43817010521888733 0.24103747308254242 -0.1536571979522705
0.9550032615661621 0.03415302932262421 -0.11931466311216354 0.021731840446591377 0.4092213809490204 0.23704451322555542 -0.15438520908355713
0.9462695121765137 0.012953580357134342 -0.15003913640975952 0.0020147990435361862 0.5145187973976135 0.17028751969337463 -0.16086401045322418
0.9639418125152588 0.03377869725227356 -0.12919259071350098 -0.020260842517018318 0.31182417273521423 0.3008337914943695 -0.1989920288324356
0.9623761773109436 0.02818736806511879 -0.14457058906555176 -0.02889336086809635 0.3811323046684265 0.2755131721496582 -0.23485572636127472
0.9500800967216492 0.023952437564730644 -0.16619905829429626 -0.0032147797755897045 0.4892696440219879 0.23157374560832977 -0.17284196615219116
0.9541102051734924 0.03177556023001671 -0.14198800921440125 0.01061122864484787 0.4576982259750366 0.22749975323677063 -0.1726921796798706
0.9467898011207581 0.011263126507401466 -0.1804719865322113 -0.007265767548233271 0.586036741733551 0.16097746789455414 -0.17692221701145172
0.9609842896461487 0.03176688402891159 -0.15042522549629211 -0.02527080848813057 0.33569544553756714 0.3045978844165802 -0.22893981635570526
0.9597538709640503 0.025829629972577095 -0.16614766418933868 -0.03655725345015526 0.41076767444610596 0.2747904360294342 -0.26156172156333923
0.9544393420219421 0.020803984254598618 -0.14792031049728394 0.004406749736517668 0.46861210465431213 0.2364928126335144 -0.12530779838562012
0.9581599235534668 0.028358079493045807 -0.12338887155056 0.01844031549990177 0.435423344373703 0.22847163677215576 -0.12489718198776245
0.9508184194564819 0.00995482224971056 -0.16013740003108978 0.0004535244661383331 0.5791374444961548 0.16697312891483307 -0.13954724371433258
0.9646366238594055 0.02405574917793274 -0.1454160362482071 -0.03282691165804863 0.3932882845401764 0.26708829402923584 -0.20564083755016327
0.9636621475219727 0.026103662326931953 -0.1672525405883789 -0.02156078815460205 0.4485344886779785 0.2900475263595581 -0.17849494516849518
0.9509373903274536 0.021167133003473282 -0.14073534309864044 0.001127083320170641 0.3984586298465729 0.25367555022239685 -0.15686163306236267
0.9546451568603516 0.028912320733070374 -0.11785236746072769 0.014616492204368114 0.3696628212928772 0.24458928406238556 -0.15603192150592804
0.9609949588775635 0.02276158332824707 -0.14076469838619232 -0.03094119019806385 0.3321497142314911 0.2813616096973419 -0.22727486491203308
0.9596107602119446 0.026249457150697708 -0.1652795970439911 -0.022319165989756584 0.3889015018939972 0.30584874749183655 -0.2027847021818161
0.9627289175987244 0.029233621433377266 -0.12375685572624207 -0.020274179056286812 0.2710334360599518 0.30800125002861023 -0.19332151114940643
0.9513815641403198 0.0215560644865036 -0.14742349088191986 0.005012990441173315 0.44358664751052856 0.2345706969499588 -0.14483299851417542
0.9494335651397705 0.008258279412984848 -0.1620168834924698 -0.0005442916299216449 0.5378503203392029 0.16993547976016998 -0.1603727638721466
0.9549956917762756 0.02945706807076931 -0.1238497644662857 0.01904810592532158 0.415802925825119 0.22603313624858856 -0.14460068941116333
0.9624924659729004 0.028230221942067146 -0.12390004843473434 -0.01393237803131342 0.2544652223587036 0.2848145067691803 -0.13873040676116943
0.9524688124656677 0.019371941685676575 -0.1682412326335907 -0.004229403100907803 0.517860472202301 0.21688486635684967 -0.1268201321363449
0.9558293223381042 0.007091503590345383 -0.12813632190227509 -0.0021269083954393864 0.4126228988170624 0.22066690027713776 -0.10911788791418076
0.9591971635818481 0.015024323016405106 -0.10506635904312134 0.011495543643832207 0.3829694986343384 0.21439920365810394 -0.11005447059869766
0.9542030096054077 -0.005044104997068644 -0.13944639265537262 -0.0060830931179225445 0.5114964842796326 0.15072837471961975 -0.12284457683563232
0.9629049897193909 0.015033637173473835 -0.12360657751560211 -0.0226894561201334 0.23257382214069366 0.2832469344139099 -0.12361810356378555
0.9650681018829346 0.011236433871090412 -0.13308662176132202 -0.03615640476346016 0.3519216775894165 0.270859956741333 -0.1961391419172287
0.966795802116394 0.021442370489239693 -0.1428179293870926 -0.027536962181329727 0.30974599719047546 0.27515751123428345 -0.14526867866516113
0.9571717977523804 0.0026849773712456226 -0.1584988832473755 -0.00805757287889719 0.6092787384986877 0.16726210713386536 -0.14395985007286072
0.96363765001297 0.023344088345766068 -0.12412548810243607 0.009181025438010693 0.48354291915893555 0.22750963270664215 -0.1399744153022766
0.9598982334136963 0.01538628339767456 -0.1479758322238922 -0.004894355311989784 0.5165830254554749 0.23459072411060333 -0.13798940181732178
0.9694429039955139 0.018760040402412415 -0.14927050471305847 -0.03903096914291382 0.4386213421821594 0.2676055431365967 -0.2208075076341629
0.9599810838699341 -0.0042059700936079025 -0.19600927829742432 -0.015170208178460598 0.6907622814178467 0.13595479726791382 -0.1349068582057953
0.9673610925674438 0.017562495544552803 -0.1638253927230835 -0.0002017152146436274 0.5714381337165833 0.19603411853313446 -0.12658870220184326
0.963576078414917 0.009167752228677273 -0.18771061301231384 -0.013856020756065845 0.6039147973060608 0.20122072100639343 -0.12480656802654266
0.9731432795524597 0.018585337325930595 -0.18168848752975464 -0.04079699143767357 0.4333786964416504 0.24593231081962585 -0.12906157970428467
0.9642761945724487 0.007381093688309193 -0.20511648058891296 -0.020768381655216217 0.6756840348243713 0.1836427003145218 -0.10315445065498352
0.955456018447876 0.010049513541162014 -0.17610666155815125 -0.00686348183080554 0.692356288433075 0.16838453710079193 -0.1678985357284546
0.9581960439682007 0.0247433353215456 -0.1674465537071228 -0.0037031983956694603 0.6016873121261597 0.2348615974187851 -0.15685439109802246
0.9619003534317017 0.03287798538804054 -0.14334940910339355 0.010792593471705914 0.5650866627693176 0.22871454060077667 -0.1578921675682068
0.9588382840156555 0.022387510165572166 -0.18490241467952728 -0.011654564179480076 0.6768235564231873 0.21674999594688416 -0.13591110706329346
0.9677277207374573 0.02924487553536892 -0.1620432287454605 -0.02534662000834942 0.3809398412704468 0.2767828404903412 -0.16890385746955872
0.9535496830940247 0.008796331472694874 -0.18167617917060852 -0.008962339721620083 0.6491777896881104 0.18091236054897308 -0.17587874829769135
0.9609909057617188 0.0288010872900486 -0.1518084704875946 0.007679507602006197 0.5284169316291809 0.2329784631729126 -0.16590480506420135
0.9571271538734436 0.02094106376171112 -0.17551252245903015 -0.006154933478683233 0.5596843957901001 0.2426433116197586 -0.16430585086345673
0.9575498104095459 0.019402751699090004 -0.19238829612731934 -0.014195785857737064 0.6326606273651123 0.22748586535453796 -0.14342184364795685
0.9683286547660828 0.02634819969534874 -0.16427788138389587 -0.0264913197606802 0.3701263666152954 0.26890572905540466 -0.17045249044895172
0.9683822989463806 0.025264360010623932 -0.15784679353237152 -0.02244863472878933 0.32780924439430237 0.3060606122016907 -0.1594441533088684
0.9712961912155151 0.029752809554338455 -0.1476433128118515 -0.022694455459713936 0.3757557272911072 0.3255924582481384 -0.20057763159275055
0.9696541428565979 0.02196778915822506 -0.16699962317943573 -0.03478492423892021 0.4452286958694458 0.2947603166103363 -0.2325531393289566
0.9608974456787109 0.02354389801621437 -0.14994293451309204 0.009315692819654942 0.46986761689186096 0.24643363058567047 -0.14083611965179443
0.9679076075553894 0.023059699684381485 -0.19268496334552765 -0.027341730892658234 0.49726003408432007 0.31513512134552 -0.20305968821048737
0.9669966101646423 0.022405870258808136 -0.11747609078884125 -0.009879309684038162 0.24187247455120087 0.27610093355178833 -0.18485669791698456
0.9616732001304626 0.024558601900935173 -0.09900729358196259 0.028108937665820122 0.3978937864303589 0.22231830656528473 -0.1738070696592331
0.9684593081474304 0.02031243033707142 -0.12281493097543716 -0.018933052197098732 0.35860154032707214 0.2660638689994812 -0.25750234723091125
0.9582127928733826 0.016653383150696754 -0.12317785620689392 0.013969284482300282 0.43123161792755127 0.23115797340869904 -0.17259487509727478
0.9644073247909546 0.018120745196938515 -0.13228803873062134 -0.0016501436475664377 0.37350061535835266 0.2849418520927429 -0.21827130019664764
0.9568876028060913 0.008234632201492786 -0.16127055883407593 0.007473899517208338 0.6147726774215698 0.16733790934085846 -0.1454269140958786
0.9629412889480591 0.029783548787236214 -0.12393837422132492 0.028501655906438828 0.48281314969062805 0.2324209064245224 -0.14118337631225586
0.9692835211753845 0.025453774258494377 -0.13622106611728668 -0.006718822754919529 0.32991403341293335 0.28128865361213684 -0.14278405904769897
0.9593545794487 0.021674541756510735 -0.14820703864097595 0.013804789632558823 0.5170651078224182 0.23827946186065674 -0.13922832906246185
0.9604278802871704 0.01970605179667473 -0.16753357648849487 0.0041455370374023914 0.5922572016716003 0.21820953488349915 -0.11539597809314728
0.9655852913856506 0.016259614378213882 -0.166894793510437 -0.034847840666770935 0.41272494196891785 0.22235971689224243 -0.14311735332012177
0.9558593034744263 0.014596858061850071 -0.17817366123199463 -0.015510300174355507 0.5842862129211426 0.2009505331516266 -0.13496553897857666
0.952988862991333 0.003914533648639917 -0.1835000216960907 -0.01886005327105522 0.6563785076141357 0.14714936912059784 -0.15010873973369598
0.959544837474823 0.021728798747062683 -0.15507447719573975 -0.0013911551795899868 0.5569546222686768 0.18946370482444763 -0.13598285615444183
0.9564797878265381 0.01411403901875019 -0.1938539445400238 -0.023480579257011414 0.6484039425849915 0.1895790994167328 -0.11679552495479584
0.9531542658805847 0.003905292833223939 -0.1771407127380371 -0.007447109092026949 0.6799787878990173 0.15275390446186066 -0.14122110605239868
0.9564440846443176 0.01612110435962677 -0.16915558278560638 -0.003228357993066311 0.5861594080924988 0.2111949324607849 -0.1257389932870865
0.9597309827804565 0.023327670991420746 -0.14576861262321472 0.010459459386765957 0.5598328709602356 0.19711795449256897 -0.1264851838350296
0.9568532109260559 0.015100647695362568 -0.18678855895996094 -0.012057486921548843 0.6629111766815186 0.19815689325332642 -0.1078992411494255
0.9646532535552979 0.01499877031892538 -0.16404642164707184 -0.025629449635744095 0.40362271666526794 0.2220938354730606 -0.12397920340299606
0.9541944861412048 0.0018573296256363392 -0.17314507067203522 -0.006018185056746006 0.668562650680542 0.16832123696804047 -0.16297021508216858
0.9573111534118652 0.01620575785636902 -0.16065877676010132 -0.0016907034441828728 0.5652623772621155 0.22982265055179596 -0.14991621673107147
0.9575890898704529 0.01398206502199173 -0.1814778596162796 -0.010137202218174934 0.6491343379020691 0.21568100154399872 -0.13083870708942413
0.9676732420921326 0.023814000189304352 -0.13309165835380554 -0.021968519315123558 0.34249433875083923 0.25363555550575256 -0.15260237455368042
0.9606796503067017 0.02409501187503338 -0.1366039216518402 0.0114152105525136 0.537760853767395 0.21604298055171967 -0.152405247092247
0.9625733494758606 0.029483983293175697 -0.18201115727424622 -0.015758436173200607 0.5401787161827087 0.27573317289352417 -0.18075957894325256
0.9641071557998657 0.02673315443098545 -0.15440373122692108 -0.023312361910939217 0.4754156470298767 0.24965263903141022 -0.20301760733127594
0.9562528729438782 0.029649220407009125 -0.1465797871351242 0.01686743274331093 0.5385056138038635 0.21281056106090546 -0.12869949638843536
0.9624486565589905 0.03035145439207554 -0.1405949741601944 -0.011565114371478558 0.3582332730293274 0.25982820987701416 -0.13330964744091034
0.9597779512405396 0.024697139859199524 -0.17153584957122803 -0.009007832035422325 0.5045642852783203 0.2715657949447632 -0.16819030046463013
0.9633601903915405 0.0077530257403850555 -0.16957661509513855 -0.03601399436593056 0.3774091303348541 0.2176441252231598 -0.10760126262903214
0.9634971022605896 0.010565952397882938 -0.20015081763267517 -0.033019859343767166 0.5428791046142578 0.24609969556331635 -0.15937745571136475
0.9650705456733704 0.006076018325984478 -0.17647713422775269 -0.04365987703204155 0.48583143949508667 0.2136847972869873 -0.18181344866752625
0.9605720639228821 0.006406310014426708 -0.18797573447227478 -0.02487889677286148 0.5030657052993774 0.24500179290771484 -0.14660638570785522
0.9664362668991089 0.012810159474611282 -0.16150355339050293 -0.0354580394923687 0.42680099606513977 0.24039600789546967 -0.15010198950767517
0.9635469317436218 0.00877909641712904 -0.11265803128480911 -0.018261929973959923 0.3274137079715729 0.18138591945171356 -0.13458336889743805
0.9667723178863525 0.013603207655251026 -0.1048547551035881 -0.018068302422761917 0.3794897794723511 0.20203541219234467 -0.17480580508708954
0.9642665386199951 0.008586929179728031 -0.15068063139915466 -0.01915663108229637 0.5041329264640808 0.19664907455444336 -0.17423222959041595
0.9657889008522034 0.00586526095867157 -0.12416274845600128 -0.028416471555829048 0.44615259766578674 0.1710151582956314 -0.20187662541866302
0.9614230394363403 0.004369079135358334 -0.1396646797657013 -0.011327370069921017 0.46532800793647766 0.19389577209949493 -0.1598384827375412
0.9679884910583496 0.016319317743182182 -0.18234331905841827 -0.03796347975730896 0.5231187343597412 0.22510462999343872 -0.17410063743591309
0.9684127569198608 0.017354793846607208 -0.14083993434906006 -0.03221495822072029 0.33088168501853943 0.21829873323440552 -0.13996894657611847
0.9699169993400574 0.014124635607004166 -0.15400779247283936 -0.045336440205574036 0.4604610204696655 0.2012573480606079 -0.20574437081813812
0.9647210240364075 0.01199027244001627 -0.17186738550662994 -0.030768761411309242 0.48526376485824585 0.22224262356758118 -0.15785610675811768
0.9713718295097351 0.02213887870311737 -0.1327652931213379 -0.03253764286637306 0.3851628303527832 0.23731499910354614 -0.17974956333637238
0.9666171669960022 0.02072874829173088 -0.10243959724903107 -0.05314253270626068 0.22901596128940582 0.14383132755756378 -0.014568809419870377
0.9639633893966675 0.023468969389796257 -0.13645413517951965 -0.04117623716592789 0.28524482250213623 0.22592563927173615 -0.12297424674034119
0.9671180844306946 0.028809884563088417 -0.12714789807796478 -0.040444742888212204 0.3388829827308655 0.2465173453092575 -0.1650906652212143
0.9645706415176392 0.02573576010763645 -0.1662675142288208 -0.03980560973286629 0.4751390218734741 0.24080006778240204 -0.17800341546535492
0.9659888744354248 0.022318873554468155 -0.14281339943408966 -0.049732182174921036 0.4113200306892395 0.2155328392982483 -0.19953621923923492
0.9643610119819641 0.01463474053889513 -0.10376103222370148 -0.045895904302597046 0.25632962584495544 0.13535791635513306 0.052266668528318405
0.9642744064331055 0.03322719410061836 -0.06783785670995712 -0.024015937000513077 0.13432082533836365 0.16936363279819489 0.02178327925503254
0.9648870825767517 0.0328621044754982 -0.069621242582798 -0.0335293747484684 0.17465369403362274 0.1766607016324997 0.06331559270620346
0.9629542231559753 0.03014916367828846 -0.07074644416570663 -0.025350291281938553 0.12072174996137619 0.17290446162223816 0.000149440485984087
0.9640414118766785 0.010448361746966839 -0.16038759052753448 -0.045995455235242844 0.43144136667251587 0.21281801164150238 -0.1283232569694519
0.9656391143798828 0.008019581437110901 -0.17616477608680725 -0.0149112269282341 0.4467175602912903 0.2678661346435547 -0.16344767808914185
0.9665421843528748 0.00534271914511919 -0.14994901418685913 -0.02483837865293026 0.37980788946151733 0.24259939789772034 -0.1886817216873169
0.9639288783073425 0.00827083270996809 -0.1414342224597931 -0.016487201675772667 0.25820404291152954 0.2526455819606781 -0.11618616431951523
0.9673133492469788 0.013411711901426315 -0.13318756222724915 -0.015408272854983807 0.31146129965782166 0.2738068997859955 -0.15687505900859833
0.9627997279167175 0.004153902176767588 -0.16478508710861206 -0.005631283391267061 0.4112955927848816 0.2657042443752289 -0.15015961229801178
0.9724416732788086 -0.01684674248099327 -0.1355743706226349 -0.050602518022060394 0.262006938457489 0.11444517970085144 -0.01817675679922104
0.9755843281745911 -0.009425091557204723 -0.1712561696767807 -0.047054871916770935 0.4017101228237152 0.21097365021705627 -0.16386699676513672
0.9748627543449402 -0.016882603988051414 -0.1907423585653305 -0.05942431837320328 0.47686558961868286 0.1747937649488449 -0.19595521688461304
0.971768319606781 -0.0014447732828557491 -0.09384845197200775 -0.023497650399804115 0.12919366359710693 0.14774081110954285 -0.041731808334589005
0.9745508432388306 -0.012850901111960411 -0.22294406592845917 -0.052496254444122314 0.5563402771949768 0.20182259380817413 -0.17212745547294617
0.9780157208442688 -0.03870484605431557 -0.1442619115114212 -0.059688396751880646 0.29569128155708313 0.10029437392950058 -0.01920448988676071
0.9779105186462402 -0.036794133484363556 -0.19406570494174957 -0.05631072446703911 0.45733124017715454 0.16518691182136536 -0.18157288432121277
0.9790261387825012 -0.030655086040496826 -0.17630815505981445 -0.04642932116985321 0.3952798545360565 0.19800764322280884 -0.14961287379264832
0.9775101542472839 -0.02243906818330288 -0.10346851497888565 -0.033964723348617554 0.16685760021209717 0.13491342961788177 -0.049778226763010025
0.9769912958145142 -0.030941132456064224 -0.22353491187095642 -0.045794062316417694 0.5262134671211243 0.19849763810634613 -0.16268374025821686
0.9731563329696655 -0.020553745329380035 -0.14835260808467865 -0.0690164566040039 0.2808493673801422 0.11583960801362991 0.0018699209904298186
0.9751601219177246 -0.016217639669775963 -0.17266139388084412 -0.058060940355062485 0.3876667022705078 0.2110346257686615 -0.12368932366371155
0.974516749382019 -0.023535290732979774 -0.18949191272258759 -0.06845634430646896 0.4482251703739166 0.17453429102897644 -0.15819528698921204
0.9729285836219788 -0.004960470367223024 -0.10716263949871063 -0.040711112320423126 0.15997008979320526 0.1535501927137375 -0.028558777645230293
0.9714285731315613 -0.023882675915956497 -0.17853914201259613 -0.06055010110139847 0.3396134376525879 0.19003117084503174 -0.08651614189147949
0.9636159539222717 -0.0016665938310325146 -0.14146679639816284 -0.05223284289240837 0.21135962009429932 0.1579679250717163 -0.0013720307033509016
0.962205171585083 -0.00200266414321959 -0.15240681171417236 -0.04248315095901489 0.31520408391952515 0.24313780665397644 -0.136575385928154
0.9617129564285278 -0.012843266129493713 -0.1634262502193451 -0.05417861416935921 0.3722645938396454 0.19922085106372833 -0.17233476042747498
0.9585100412368774 -0.015495550818741322 -0.18132075667381287 -0.03899038955569267 0.4227219521999359 0.21254155039787292 -0.1429453045129776
0.9587038159370422 -0.008703595958650112 -0.15912054479122162 -0.044156089425086975 0.26675835251808167 0.2241899073123932 -0.0968487560749054
0.9642583727836609 0.006406750530004501 -0.16987395286560059 -0.057317495346069336 0.4616650938987732 0.21313607692718506 -0.16480697691440582
0.9608148336410522 -0.0002875652280636132 -0.17461730539798737 -0.057661257684230804 0.41035568714141846 0.19292962551116943 -0.12401945888996124
0.9630370736122131 -0.0026987940073013306 -0.1876872181892395 -0.0694660097360611 0.5332565903663635 0.1745014190673828 -0.1951431781053543
0.9625704288482666 0.013970326632261276 -0.15217271447181702 -0.035231515765190125 0.36503130197525024 0.23993007838726044 -0.1601020097732544
0.9585885405540466 -0.0030023602303117514 -0.2083633691072464 -0.05382196977734566 0.5828093886375427 0.19256377220153809 -0.1596270352602005
0.9617874622344971 -0.016069848090410233 -0.21078592538833618 -0.07506297528743744 0.5028018355369568 0.18859681487083435 -0.05430421978235245
0.9615509510040283 -0.026013411581516266 -0.23601549863815308 -0.09103470295667648 0.5910066366195679 0.1447504460811615 -0.08134222030639648
0.9581065773963928 -0.022608138620853424 -0.2140882909297943 -0.07436099648475647 0.44527682662010193 0.17025674879550934 -0.016685349866747856
0.9598442316055298 -0.029444707557559013 -0.26502344012260437 -0.08168888092041016 0.6613023281097412 0.14578793942928314 -0.03921496868133545
0.9593059420585632 -0.006704001687467098 -0.1853065937757492 -0.04803165793418884 0.3865722715854645 0.22327736020088196 -0.05815677344799042
0.9685558676719666 -0.021584590896964073 -0.18851521611213684 -0.06887254863977432 0.5286979079246521 0.12822473049163818 -0.042914435267448425
0.9690863490104675 -0.03217092528939247 -0.2157442420721054 -0.08950606733560562 0.6317417025566101 0.08448315411806107 -0.0788523256778717
0.9675799012184143 -0.03506418317556381 -0.24428603053092957 -0.08399827033281326 0.709221601486206 0.0888262540102005 -0.039778321981430054
0.9646587371826172 -0.027634240686893463 -0.19413892924785614 -0.06772156059741974 0.4702152609825134 0.10870009660720825 -0.0005716950399801135
0.968554675579071 -0.028607599437236786 -0.20692308247089386 -0.0691254660487175 0.660590648651123 0.13404585421085358 -0.08036889880895615
0.9640706777572632 -0.019288301467895508 -0.21192476153373718 -0.07319782674312592 0.46438276767730713 0.15632782876491547 -0.052314840257167816
0.9646640419960022 -0.03155609220266342 -0.23160527646541595 -0.08582650125026703 0.5437249541282654 0.1205100268125534 -0.08437873423099518
0.9622830152511597 -0.03532381355762482 -0.2489689290523529 -0.07361113280057907 0.6087667942047119 0.12966583669185638 -0.04230017960071564
0.9642511010169983 -0.026664799079298973 -0.22655494511127472 -0.06854064017534256 0.5818491578102112 0.16806209087371826 -0.08708410710096359
0.9651573300361633 -0.030284760519862175 -0.26184481382369995 -0.08219628036022186 0.6399071216583252 0.14025963842868805 -0.05958084389567375
0.9745395183563232 -0.029435988515615463 -0.17368657886981964 -0.05563732609152794 0.3239254653453827 0.10364287346601486 -0.026948336511850357
0.9738418459892273 -0.04104757308959961 -0.18969839811325073 -0.07112463563680649 0.4004715383052826 0.06411466747522354 -0.058954473584890366
0.9742885231971741 -0.036985624581575394 -0.18883226811885834 -0.05338239669799805 0.44071510434150696 0.11835801601409912 -0.06477750837802887
0.9707807302474976 -0.03680196404457092 -0.1776442974805832 -0.05691882595419884 0.2703969180583954 0.08495702594518661 0.0064848558977246284
0.9736628532409668 -0.037922002375125885 -0.22164520621299744 -0.06754540652036667 0.5006181597709656 0.09081140905618668 -0.03941166028380394
0.9601278305053711 -0.008324175141751766 -0.09725671261548996 -0.0337773859500885 0.14594899117946625 0.18174655735492706 -0.023174960166215897
0.9599789977073669 -0.023330679163336754 -0.1125723198056221 -0.04847411438822746 0.2158961445093155 0.13324196636676788 -0.04486715421080589
0.9604650139808655 -0.01695329137146473 -0.11309166997671127 -0.03150400146842003 0.2613030672073364 0.1955132782459259 -0.05864736810326576
0.9561145901679993 -0.015810906887054443 -0.09947565943002701 -0.0350990816950798 0.09215380996465683 0.16760709881782532 0.007818920537829399
0.9575823545455933 -0.02797747775912285 -0.14135785400867462 -0.04271378368139267 0.29958993196487427 0.13578644394874573 -0.012384625151753426
0.9646924734115601 -0.00983001571148634 -0.10895927995443344 -0.04051809757947922 0.14508721232414246 0.22045256197452545 -0.06643538177013397
0.9649553894996643 -0.022592607885599136 -0.12297045439481735 -0.05321059003472328 0.199008971452713 0.17604230344295502 -0.09357597678899765
0.9622423648834229 -0.0238505769520998 -0.15009157359600067 -0.04334389790892601 0.26904165744781494 0.18264232575893402 -0.060605548322200775
0.9644023776054382 -0.008149547502398491 -0.05325103923678398 -0.06034182012081146 -0.124183289706707 0.033533379435539246 -0.026261955499649048
0.9661637544631958 -0.01886398158967495 -0.15828347206115723 -0.04926861822605133 0.29624873399734497 0.1988818645477295 -0.07192178815603256
0.9555861353874207 -0.02238592877984047 -0.03050321899354458 -0.01869158260524273 0.01146993599832058 0.22598204016685486 -0.11342126876115799
0.9560418725013733 -0.03838380426168442 -0.04532758519053459 -0.032990287989377975 0.07210681587457657 0.1837708204984665 -0.14743946492671967
0.9546643495559692 -0.04300089552998543 -0.08213286101818085 -0.03223612532019615 0.16452409327030182 0.18940839171409607 -0.12760038673877716
0.9562544226646423 -0.03177882358431816 -0.045957617461681366 -0.017332252115011215 0.1196678951382637 0.24367007613182068 -0.1604662835597992
0.9584165811538696 -0.037903714925050735 -0.08368127048015594 -0.0325576551258564 0.1764538586139679 0.20001274347305298 -0.12962466478347778
0.936946451663971 -0.012076929211616516 -0.00851720105856657 -0.032646410167217255 -0.06562654674053192 0.21549847722053528 -0.08886976540088654
0.9353051781654358 -0.02627505734562874 -0.009839867241680622 -0.04242323338985443 -0.037674348801374435 0.17983102798461914 -0.11860430240631104
0.929670512676239 -0.03072715736925602 -0.03050249256193638 -0.03941462188959122 0.009162791073322296 0.19206571578979492 -0.10122550278902054
0.9300640821456909 -0.025789953768253326 -0.03910977765917778 -0.029745420441031456 0.11985603719949722 0.19526226818561554 -0.0837591215968132
0.9368212819099426 -0.02052750438451767 -0.015153876505792141 -0.02891586907207966 0.01835336722433567 0.2344123274087906 -0.13139863312244415
0.9465888142585754 0.020359857007861137 -0.043524596840143204 -0.029817664995789528 -0.02002570778131485 0.21808470785617828 -0.052075520157814026
0.9458080530166626 0.006305593531578779 -0.047434914857149124 -0.04004615917801857 0.018131496384739876 0.19180628657341003 -0.0851861834526062
0.943210780620575 0.0024119121953845024 -0.0768200233578682 -0.04539163410663605 0.08917881548404694 0.20337048172950745 -0.07268833369016647
0.9445739388465881 0.008230521343648434 -0.08650250732898712 -0.03683115914463997 0.20083396136760712 0.20932996273040771 -0.047717392444610596
0.9479148387908936 0.006826338358223438 -0.07683251053094864 -0.0396057553589344 0.09977121651172638 0.20330269634723663 -0.06287741661071777
0.9478087425231934 0.028294388204813004 -0.0007480086060240865 -0.01431809552013874 -0.13827741146087646 0.2308269888162613 0.004457343835383654
0.9458156824111938 0.014992467127740383 -0.003368951613083482 -0.024009881541132927 -0.11954224854707718 0.205922931432724 -0.021566877141594887
0.941051185131073 0.010735798627138138 -0.030997315421700478 -0.028715061023831367 -0.06510637700557709 0.21505385637283325 -0.017002545297145844
0.9418675303459167 0.01646846905350685 -0.03912980109453201 -0.017942514270544052 0.04525386542081833 0.2203197032213211 0.003757154569029808
0.946525514125824 0.01530703529715538 -0.030423477292060852 -0.02325444296002388 -0.05395237356424332 0.21517013013362885 0.00032207544427365065
